0.33333 0.33333 0.33333 3.3333e-006
0.33333 0.33333 3.3333e-006 0.33333
0.49999 0.49999 1.581e-005 5.2703e-006
0.49999 0.49999 9.0136e-006 6.0091e-006
0.49999 0.49999 5.2703e-006 1.581e-005
0.49999 0.49999 6.0091e-006 9.0136e-006
0.33333 3.3333e-006 0.33333 0.33333
0.49999 1.581e-005 0.49999 5.2703e-006
0.99992 3.3163e-005 3.3163e-005 1.1054e-005
0.99993 3.7413e-005 1.8707e-005 1.2471e-005
0.49999 1.581e-005 5.2703e-006 0.49999
0.99992 3.3163e-005 1.1054e-005 3.3163e-005
0.99993 3.7413e-005 1.2471e-005 1.8707e-005
0.49999 9.0136e-006 0.49999 6.0091e-006
0.99993 1.8707e-005 3.7413e-005 1.2471e-005
0.99995 2.0614e-005 2.0614e-005 1.3743e-005
0.49999 9.0136e-006 6.0091e-006 0.49999
0.99993 1.8707e-005 1.2471e-005 3.7413e-005
0.99995 2.0614e-005 1.3743e-005 2.0614e-005
0.49999 5.2703e-006 0.49999 1.581e-005
0.49999 6.0091e-006 0.49999 9.0136e-006
0.49999 5.2703e-006 1.581e-005 0.49999
0.99992 1.1054e-005 3.3163e-005 3.3163e-005
0.99993 1.2471e-005 3.7413e-005 1.8707e-005
0.49999 6.0091e-006 9.0136e-006 0.49999
0.99993 1.2471e-005 1.8707e-005 3.7413e-005
0.99995 1.3743e-005 2.0614e-005 2.0614e-005
3.3333e-006 0.33333 0.33333 0.33333
1.581e-005 0.49999 0.49999 5.2703e-006
3.3163e-005 0.99992 3.3163e-005 1.1054e-005
3.7413e-005 0.99993 1.8707e-005 1.2471e-005
1.581e-005 0.49999 5.2703e-006 0.49999
3.3163e-005 0.99992 1.1054e-005 3.3163e-005
3.7413e-005 0.99993 1.2471e-005 1.8707e-005
3.3163e-005 3.3163e-005 0.99992 1.1054e-005
0.3 0.3 0.3 0.1
0.35294 0.35294 0.17647 0.11765
3.3163e-005 3.3163e-005 1.1054e-005 0.99992
0.3 0.3 0.1 0.3
0.35294 0.35294 0.11765 0.17647
3.7413e-005 1.8707e-005 0.99993 1.2471e-005
0.35294 0.17647 0.35294 0.11765
3.7413e-005 1.8707e-005 1.2471e-005 0.99993
0.35294 0.17647 0.11765 0.35294
1.581e-005 5.2703e-006 0.49999 0.49999
3.3163e-005 1.1054e-005 0.99992 3.3163e-005
3.7413e-005 1.2471e-005 0.99993 1.8707e-005
3.3163e-005 1.1054e-005 3.3163e-005 0.99992
0.3 0.1 0.3 0.3
0.35294 0.11765 0.35294 0.17647
3.7413e-005 1.2471e-005 1.8707e-005 0.99993
0.35294 0.11765 0.17647 0.35294
9.0136e-006 0.49999 0.49999 6.0091e-006
1.8707e-005 0.99993 3.7413e-005 1.2471e-005
2.0614e-005 0.99995 2.0614e-005 1.3743e-005
9.0136e-006 0.49999 6.0091e-006 0.49999
1.8707e-005 0.99993 1.2471e-005 3.7413e-005
2.0614e-005 0.99995 1.3743e-005 2.0614e-005
1.8707e-005 3.7413e-005 0.99993 1.2471e-005
0.17647 0.35294 0.35294 0.11765
1.8707e-005 3.7413e-005 1.2471e-005 0.99993
0.17647 0.35294 0.11765 0.35294
2.0614e-005 2.0614e-005 0.99995 1.3743e-005
0.21429 0.21429 0.42857 0.14286
2.0614e-005 2.0614e-005 1.3743e-005 0.99995
0.3 0.3 0.2 0.2
9.0136e-006 6.0091e-006 0.49999 0.49999
1.8707e-005 1.2471e-005 0.99993 3.7413e-005
2.0614e-005 1.3743e-005 0.99995 2.0614e-005
1.8707e-005 1.2471e-005 3.7413e-005 0.99993
0.21429 0.14286 0.42857 0.21429
2.0614e-005 1.3743e-005 2.0614e-005 0.99995
0.21429 0.14286 0.21429 0.42857
0.3 0.2 0.3 0.2
0.3 0.2 0.2 0.3
5.2703e-006 0.49999 0.49999 1.581e-005
6.0091e-006 0.49999 0.49999 9.0136e-006
5.2703e-006 0.49999 1.581e-005 0.49999
1.1054e-005 0.99992 3.3163e-005 3.3163e-005
1.2471e-005 0.99993 3.7413e-005 1.8707e-005
6.0091e-006 0.49999 9.0136e-006 0.49999
1.2471e-005 0.99993 1.8707e-005 3.7413e-005
1.3743e-005 0.99995 2.0614e-005 2.0614e-005
5.2703e-006 1.581e-005 0.49999 0.49999
1.1054e-005 3.3163e-005 0.99992 3.3163e-005
1.2471e-005 3.7413e-005 0.99993 1.8707e-005
1.1054e-005 3.3163e-005 3.3163e-005 0.99992
0.1 0.3 0.3 0.3
0.11765 0.35294 0.35294 0.17647
1.2471e-005 3.7413e-005 1.8707e-005 0.99993
0.11765 0.35294 0.17647 0.35294
6.0091e-006 9.0136e-006 0.49999 0.49999
1.2471e-005 1.8707e-005 0.99993 3.7413e-005
1.3743e-005 2.0614e-005 0.99995 2.0614e-005
1.2471e-005 1.8707e-005 3.7413e-005 0.99993
0.14286 0.21429 0.42857 0.21429
1.3743e-005 2.0614e-005 2.0614e-005 0.99995
0.14286 0.21429 0.21429 0.42857
0.2 0.3 0.3 0.2
0.2 0.3 0.2 0.3
