0.5 0.5 4.9999e-006
0.5 4.9999e-006 0.5
0.99997 1.4141e-005 1.4141e-005
0.99997 2.236e-005 1.118e-005
0.99996 3.162e-005 1.054e-005
0.99994 5.0983e-005 1.0197e-005
0.99997 1.118e-005 2.236e-005
0.99997 1.8027e-005 1.2018e-005
0.99996 1.054e-005 3.162e-005
0.99997 1.2018e-005 1.8027e-005
0.99994 1.0197e-005 5.0983e-005
4.9999e-006 0.5 0.5
1.4141e-005 0.99997 1.4141e-005
2.236e-005 0.99997 1.118e-005
3.162e-005 0.99996 1.054e-005
5.0983e-005 0.99994 1.0197e-005
1.4141e-005 1.4141e-005 0.99997
0.33333 0.33333 0.33333
0.4 0.4 0.2
0.42857 0.42857 0.14286
0.45454 0.45454 0.090913
2.236e-005 1.118e-005 0.99997
0.4 0.2 0.4
0.5 0.25 0.25
0.57142 0.28572 0.14286
0.58823 0.29412 0.11765
3.162e-005 1.054e-005 0.99996
0.42857 0.14286 0.42857
0.59999 0.20001 0.20001
0.65216 0.2174 0.13044
0.57142 0.14286 0.28572
0.68965 0.17242 0.13793
5.0983e-005 1.0197e-005 0.99994
0.45454 0.090913 0.45454
0.58823 0.11765 0.29412
0.65216 0.13044 0.2174
0.68965 0.13793 0.17242
0.71427 0.14286 0.14286
1.118e-005 0.99997 2.236e-005
1.8027e-005 0.99997 1.2018e-005
1.118e-005 2.236e-005 0.99997
0.2 0.4 0.4
0.25 0.5 0.25
0.28572 0.57142 0.14286
0.29412 0.58823 0.11765
0.25 0.25 0.5
0.375 0.375 0.25
1.8027e-005 1.2018e-005 0.99997
0.375 0.25 0.375
0.48387 0.32258 0.19355
0.28572 0.14286 0.57142
0.52631 0.26316 0.21053
0.29412 0.11765 0.58823
0.48387 0.19355 0.32258
0.52631 0.21053 0.26316
1.054e-005 0.99996 3.162e-005
1.2018e-005 0.99997 1.8027e-005
1.054e-005 3.162e-005 0.99996
0.14286 0.42857 0.42857
0.20001 0.59999 0.20001
0.2174 0.65216 0.13044
1.2018e-005 1.8027e-005 0.99997
0.25 0.375 0.375
0.32258 0.48387 0.19355
0.20001 0.20001 0.59999
0.42553 0.31915 0.25532
0.2174 0.13044 0.65216
0.32258 0.19355 0.48387
0.42553 0.25532 0.31915
0.14286 0.57142 0.28572
0.17242 0.68965 0.13793
0.14286 0.28572 0.57142
0.26316 0.52631 0.21053
0.31915 0.42553 0.25532
0.35714 0.35714 0.28571
0.17242 0.13793 0.68965
0.26316 0.21053 0.52631
0.31915 0.25532 0.42553
0.35714 0.28571 0.35714
0.38461 0.30769 0.30769
1.0197e-005 0.99994 5.0983e-005
1.0197e-005 5.0983e-005 0.99994
0.090913 0.45454 0.45454
0.11765 0.58823 0.29412
0.13044 0.65216 0.2174
0.13793 0.68965 0.17242
0.14286 0.71427 0.14286
0.11765 0.29412 0.58823
0.19355 0.48387 0.32258
0.21053 0.52631 0.26316
0.13044 0.2174 0.65216
0.19355 0.32258 0.48387
0.25532 0.42553 0.31915
0.13793 0.17242 0.68965
0.21053 0.26316 0.52631
0.25532 0.31915 0.42553
0.28571 0.35714 0.35714
0.30769 0.38461 0.30769
0.14286 0.14286 0.71427
0.30769 0.30769 0.38461
