0.33333 0.33333 0.33333 3.3333e-006
0.33333 0.33333 3.3333e-006 0.33333
0.49999 0.49999 7.0708e-006 7.0708e-006
0.49999 0.49999 1.581e-005 5.2703e-006
0.49999 0.49999 5.59e-006 1.118e-005
0.49999 0.49999 9.0136e-006 6.0091e-006
0.49999 0.49999 5.2703e-006 1.581e-005
0.49999 0.49999 6.0091e-006 9.0136e-006
0.33333 3.3333e-006 0.33333 0.33333
0.49999 7.0708e-006 0.49999 7.0708e-006
0.49999 1.118e-005 0.49999 5.59e-006
0.49999 1.581e-005 0.49999 5.2703e-006
0.49999 7.0708e-006 7.0708e-006 0.49999
0.99995 1.7319e-005 1.7319e-005 1.7319e-005
0.99994 2.4493e-005 2.4493e-005 1.2246e-005
0.99992 3.3163e-005 3.3163e-005 1.1054e-005
0.99994 2.4493e-005 1.2246e-005 2.4493e-005
0.99993 3.7413e-005 1.8707e-005 1.2471e-005
0.49999 1.581e-005 5.2703e-006 0.49999
0.99992 3.3163e-005 1.1054e-005 3.3163e-005
0.99993 3.7413e-005 1.2471e-005 1.8707e-005
0.99993 4.3583e-005 1.4528e-005 1.4528e-005
0.49999 9.0136e-006 0.49999 6.0091e-006
0.99994 1.2246e-005 2.4493e-005 2.4493e-005
0.99993 1.8707e-005 3.7413e-005 1.2471e-005
0.99995 2.0614e-005 2.0614e-005 1.3743e-005
0.49999 9.0136e-006 6.0091e-006 0.49999
0.99993 1.8707e-005 1.2471e-005 3.7413e-005
0.99995 2.0614e-005 1.3743e-005 2.0614e-005
0.99995 2.345e-005 1.5634e-005 1.5634e-005
0.49999 5.2703e-006 0.49999 1.581e-005
0.49999 6.0091e-006 0.49999 9.0136e-006
0.49999 5.2703e-006 1.581e-005 0.49999
0.99992 1.1054e-005 3.3163e-005 3.3163e-005
0.99993 1.2471e-005 3.7413e-005 1.8707e-005
0.99993 1.4528e-005 4.3583e-005 1.4528e-005
0.49999 6.0091e-006 9.0136e-006 0.49999
0.99993 1.2471e-005 1.8707e-005 3.7413e-005
0.99995 1.3743e-005 2.0614e-005 2.0614e-005
0.99995 1.5634e-005 2.345e-005 1.5634e-005
0.99993 1.4528e-005 1.4528e-005 4.3583e-005
0.99995 1.5634e-005 1.5634e-005 2.345e-005
3.3333e-006 0.33333 0.33333 0.33333
7.0708e-006 0.49999 0.49999 7.0708e-006
1.118e-005 0.49999 0.49999 5.59e-006
1.581e-005 0.49999 0.49999 5.2703e-006
7.0708e-006 0.49999 7.0708e-006 0.49999
1.7319e-005 0.99995 1.7319e-005 1.7319e-005
2.4493e-005 0.99994 2.4493e-005 1.2246e-005
3.3163e-005 0.99992 3.3163e-005 1.1054e-005
2.4493e-005 0.99994 1.2246e-005 2.4493e-005
3.7413e-005 0.99993 1.8707e-005 1.2471e-005
1.581e-005 0.49999 5.2703e-006 0.49999
3.3163e-005 0.99992 1.1054e-005 3.3163e-005
3.7413e-005 0.99993 1.2471e-005 1.8707e-005
4.3583e-005 0.99993 1.4528e-005 1.4528e-005
7.0708e-006 7.0708e-006 0.49999 0.49999
1.7319e-005 1.7319e-005 0.99995 1.7319e-005
2.4493e-005 2.4493e-005 0.99994 1.2246e-005
3.3163e-005 3.3163e-005 0.99992 1.1054e-005
1.7319e-005 1.7319e-005 1.7319e-005 0.99995
0.25 0.25 0.25 0.25
0.28571 0.28571 0.28571 0.14286
0.3 0.3 0.3 0.1
2.4493e-005 2.4493e-005 1.2246e-005 0.99994
0.28571 0.28571 0.14286 0.28571
0.33333 0.33333 0.16667 0.16667
0.35294 0.35294 0.17647 0.11765
3.3163e-005 3.3163e-005 1.1054e-005 0.99992
0.3 0.3 0.1 0.3
0.35294 0.35294 0.11765 0.17647
0.375 0.375 0.125 0.125
2.4493e-005 1.2246e-005 0.99994 2.4493e-005
3.7413e-005 1.8707e-005 0.99993 1.2471e-005
2.4493e-005 1.2246e-005 2.4493e-005 0.99994
0.28571 0.14286 0.28571 0.28571
0.33333 0.16667 0.33333 0.16667
0.35294 0.17647 0.35294 0.11765
0.33333 0.16667 0.16667 0.33333
0.42857 0.21429 0.21429 0.14286
3.7413e-005 1.8707e-005 1.2471e-005 0.99993
0.35294 0.17647 0.11765 0.35294
0.42857 0.21429 0.14286 0.21429
0.46154 0.23077 0.15385 0.15385
1.581e-005 5.2703e-006 0.49999 0.49999
3.3163e-005 1.1054e-005 0.99992 3.3163e-005
3.7413e-005 1.2471e-005 0.99993 1.8707e-005
4.3583e-005 1.4528e-005 0.99993 1.4528e-005
3.3163e-005 1.1054e-005 3.3163e-005 0.99992
0.3 0.1 0.3 0.3
0.35294 0.11765 0.35294 0.17647
0.375 0.125 0.375 0.125
3.7413e-005 1.2471e-005 1.8707e-005 0.99993
0.35294 0.11765 0.17647 0.35294
0.42857 0.14286 0.21429 0.21429
0.46154 0.15385 0.23077 0.15385
4.3583e-005 1.4528e-005 1.4528e-005 0.99993
0.375 0.125 0.125 0.375
0.46154 0.15385 0.15385 0.23077
0.5 0.16667 0.16667 0.16667
9.0136e-006 0.49999 0.49999 6.0091e-006
1.2246e-005 0.99994 2.4493e-005 2.4493e-005
1.8707e-005 0.99993 3.7413e-005 1.2471e-005
2.0614e-005 0.99995 2.0614e-005 1.3743e-005
9.0136e-006 0.49999 6.0091e-006 0.49999
1.8707e-005 0.99993 1.2471e-005 3.7413e-005
2.0614e-005 0.99995 1.3743e-005 2.0614e-005
2.345e-005 0.99995 1.5634e-005 1.5634e-005
1.2246e-005 2.4493e-005 0.99994 2.4493e-005
1.8707e-005 3.7413e-005 0.99993 1.2471e-005
1.2246e-005 2.4493e-005 2.4493e-005 0.99994
0.14286 0.28571 0.28571 0.28571
0.16667 0.33333 0.33333 0.16667
0.17647 0.35294 0.35294 0.11765
0.16667 0.33333 0.16667 0.33333
0.21429 0.42857 0.21429 0.14286
1.8707e-005 3.7413e-005 1.2471e-005 0.99993
0.17647 0.35294 0.11765 0.35294
0.21429 0.42857 0.14286 0.21429
0.23077 0.46154 0.15385 0.15385
2.0614e-005 2.0614e-005 0.99995 1.3743e-005
0.16667 0.16667 0.33333 0.33333
0.21429 0.21429 0.42857 0.14286
0.27273 0.27273 0.27273 0.18182
2.0614e-005 2.0614e-005 1.3743e-005 0.99995
0.21429 0.21429 0.14286 0.42857
0.27273 0.27273 0.18182 0.27273
0.3 0.3 0.2 0.2
9.0136e-006 6.0091e-006 0.49999 0.49999
1.8707e-005 1.2471e-005 0.99993 3.7413e-005
2.0614e-005 1.3743e-005 0.99995 2.0614e-005
2.345e-005 1.5634e-005 0.99995 1.5634e-005
1.8707e-005 1.2471e-005 3.7413e-005 0.99993
0.17647 0.11765 0.35294 0.35294
0.21429 0.14286 0.42857 0.21429
0.23077 0.15385 0.46154 0.15385
2.0614e-005 1.3743e-005 2.0614e-005 0.99995
0.21429 0.14286 0.21429 0.42857
0.27273 0.18182 0.27273 0.27273
0.3 0.2 0.3 0.2
2.345e-005 1.5634e-005 1.5634e-005 0.99995
0.23077 0.15385 0.15385 0.46154
0.3 0.2 0.2 0.3
0.33333 0.22222 0.22222 0.22222
5.2703e-006 0.49999 0.49999 1.581e-005
6.0091e-006 0.49999 0.49999 9.0136e-006
5.2703e-006 0.49999 1.581e-005 0.49999
1.1054e-005 0.99992 3.3163e-005 3.3163e-005
1.2471e-005 0.99993 3.7413e-005 1.8707e-005
1.4528e-005 0.99993 4.3583e-005 1.4528e-005
6.0091e-006 0.49999 9.0136e-006 0.49999
1.2471e-005 0.99993 1.8707e-005 3.7413e-005
1.3743e-005 0.99995 2.0614e-005 2.0614e-005
1.5634e-005 0.99995 2.345e-005 1.5634e-005
1.4528e-005 0.99993 1.4528e-005 4.3583e-005
1.5634e-005 0.99995 1.5634e-005 2.345e-005
5.2703e-006 1.581e-005 0.49999 0.49999
1.1054e-005 3.3163e-005 0.99992 3.3163e-005
1.2471e-005 3.7413e-005 0.99993 1.8707e-005
1.4528e-005 4.3583e-005 0.99993 1.4528e-005
1.1054e-005 3.3163e-005 3.3163e-005 0.99992
0.1 0.3 0.3 0.3
0.11765 0.35294 0.35294 0.17647
0.125 0.375 0.375 0.125
1.2471e-005 3.7413e-005 1.8707e-005 0.99993
0.11765 0.35294 0.17647 0.35294
0.14286 0.42857 0.21429 0.21429
0.15385 0.46154 0.23077 0.15385
1.4528e-005 4.3583e-005 1.4528e-005 0.99993
0.125 0.375 0.125 0.375
0.15385 0.46154 0.15385 0.23077
0.16667 0.5 0.16667 0.16667
6.0091e-006 9.0136e-006 0.49999 0.49999
1.2471e-005 1.8707e-005 0.99993 3.7413e-005
1.3743e-005 2.0614e-005 0.99995 2.0614e-005
1.5634e-005 2.345e-005 0.99995 1.5634e-005
1.2471e-005 1.8707e-005 3.7413e-005 0.99993
0.11765 0.17647 0.35294 0.35294
0.14286 0.21429 0.42857 0.21429
0.15385 0.23077 0.46154 0.15385
1.3743e-005 2.0614e-005 2.0614e-005 0.99995
0.14286 0.21429 0.21429 0.42857
0.18182 0.27273 0.27273 0.27273
0.2 0.3 0.3 0.2
1.5634e-005 2.345e-005 1.5634e-005 0.99995
0.15385 0.23077 0.15385 0.46154
0.2 0.3 0.2 0.3
0.22222 0.33333 0.22222 0.22222
1.4528e-005 1.4528e-005 0.99993 4.3583e-005
1.5634e-005 1.5634e-005 0.99995 2.345e-005
1.4528e-005 1.4528e-005 4.3583e-005 0.99993
0.125 0.125 0.375 0.375
0.15385 0.15385 0.46154 0.23077
0.16667 0.16667 0.5 0.16667
1.5634e-005 1.5634e-005 2.345e-005 0.99995
0.15385 0.15385 0.23077 0.46154
0.2 0.2 0.3 0.3
0.22222 0.22222 0.33333 0.22222
0.16667 0.16667 0.16667 0.5
0.22222 0.22222 0.22222 0.33333
