0.5 0.5 4.9999e-006
0.5 4.9999e-006 0.5
0.99997 1.4141e-005 1.4141e-005
0.99997 2.236e-005 1.118e-005
0.99996 3.162e-005 1.054e-005
0.99995 4.1226e-005 1.0307e-005
0.99993 6.0819e-005 1.0137e-005
0.99997 1.118e-005 2.236e-005
0.99996 2.6924e-005 1.077e-005
0.99996 1.054e-005 3.162e-005
0.99997 1.6666e-005 1.2499e-005
0.99997 1.9435e-005 1.1661e-005
0.99995 1.0307e-005 4.1226e-005
0.99997 1.2499e-005 1.6666e-005
0.99996 1.077e-005 2.6924e-005
0.99997 1.1661e-005 1.9435e-005
0.99997 1.562e-005 1.3017e-005
0.99993 1.0137e-005 6.0819e-005
0.99997 1.3017e-005 1.562e-005
4.9999e-006 0.5 0.5
1.4141e-005 0.99997 1.4141e-005
2.236e-005 0.99997 1.118e-005
3.162e-005 0.99996 1.054e-005
4.1226e-005 0.99995 1.0307e-005
6.0819e-005 0.99993 1.0137e-005
1.4141e-005 1.4141e-005 0.99997
0.33333 0.33333 0.33333
0.4 0.4 0.2
0.42857 0.42857 0.14286
0.44444 0.44444 0.11111
0.46154 0.46154 0.076926
2.236e-005 1.118e-005 0.99997
0.4 0.2 0.4
0.5 0.25 0.25
0.54545 0.27273 0.18182
0.57142 0.28572 0.14286
0.58823 0.29412 0.11765
0.6 0.3 0.1
3.162e-005 1.054e-005 0.99996
0.42857 0.14286 0.42857
0.54545 0.18182 0.27273
0.63157 0.21053 0.1579
0.65216 0.2174 0.13044
0.66666 0.22223 0.11112
4.1226e-005 1.0307e-005 0.99995
0.44444 0.11111 0.44444
0.57142 0.14286 0.28572
0.63157 0.1579 0.21053
0.66665 0.16667 0.16667
0.70587 0.17648 0.11765
0.58823 0.11765 0.29412
0.65216 0.13044 0.2174
0.73169 0.14635 0.12196
6.0819e-005 1.0137e-005 0.99993
0.46154 0.076926 0.46154
0.6 0.1 0.3
0.66666 0.11112 0.22223
0.70587 0.11765 0.17648
0.73169 0.12196 0.14635
0.74999 0.12501 0.12501
1.118e-005 0.99997 2.236e-005
2.6924e-005 0.99996 1.077e-005
1.118e-005 2.236e-005 0.99997
0.2 0.4 0.4
0.25 0.5 0.25
0.27273 0.54545 0.18182
0.28572 0.57142 0.14286
0.29412 0.58823 0.11765
0.3 0.6 0.1
0.25 0.25 0.5
0.375 0.375 0.25
0.41666 0.41666 0.16667
0.27273 0.18182 0.54545
0.375 0.25 0.375
0.48387 0.32258 0.19355
0.5 0.33333 0.16667
0.28572 0.14286 0.57142
0.46154 0.23077 0.30769
0.52631 0.26316 0.21053
2.6924e-005 1.077e-005 0.99996
0.29412 0.11765 0.58823
0.41666 0.16667 0.41666
0.48387 0.19355 0.32258
0.52631 0.21053 0.26316
0.55554 0.22223 0.22223
0.57692 0.23077 0.19231
0.3 0.1 0.6
0.5 0.16667 0.33333
0.57692 0.19231 0.23077
1.054e-005 0.99996 3.162e-005
1.6666e-005 0.99997 1.2499e-005
1.9435e-005 0.99997 1.1661e-005
1.054e-005 3.162e-005 0.99996
0.14286 0.42857 0.42857
0.18182 0.54545 0.27273
0.21053 0.63157 0.1579
0.2174 0.65216 0.13044
0.22223 0.66666 0.11112
0.18182 0.27273 0.54545
0.25 0.375 0.375
0.32258 0.48387 0.19355
0.33333 0.5 0.16667
0.36363 0.36363 0.27273
0.38461 0.38461 0.23077
1.6666e-005 1.2499e-005 0.99997
0.21053 0.1579 0.63157
0.30769 0.23077 0.46154
0.36363 0.27273 0.36363
0.44444 0.33333 0.22222
1.9435e-005 1.1661e-005 0.99997
0.2174 0.13044 0.65216
0.32258 0.19355 0.48387
0.38461 0.23077 0.38461
0.45454 0.27273 0.27273
0.47619 0.28572 0.2381
0.22223 0.11112 0.66666
0.33333 0.16667 0.5
0.44444 0.22222 0.33333
0.47619 0.2381 0.28572
1.0307e-005 0.99995 4.1226e-005
1.2499e-005 0.99997 1.6666e-005
1.0307e-005 4.1226e-005 0.99995
0.11111 0.44444 0.44444
0.14286 0.57142 0.28572
0.1579 0.63157 0.21053
0.16667 0.66665 0.16667
0.17648 0.70587 0.11765
0.14286 0.28572 0.57142
0.23077 0.46154 0.30769
0.26316 0.52631 0.21053
1.2499e-005 1.6666e-005 0.99997
0.1579 0.21053 0.63157
0.23077 0.30769 0.46154
0.27273 0.36363 0.36363
0.33333 0.44444 0.22222
0.16667 0.16667 0.66665
0.26316 0.21053 0.52631
0.4054 0.32432 0.27027
0.17648 0.11765 0.70587
0.33333 0.22222 0.44444
0.4054 0.27027 0.32432
1.077e-005 0.99996 2.6924e-005
1.1661e-005 0.99997 1.9435e-005
1.562e-005 0.99997 1.3017e-005
0.11765 0.58823 0.29412
0.13044 0.65216 0.2174
0.14635 0.73169 0.12196
1.077e-005 2.6924e-005 0.99996
0.11765 0.29412 0.58823
0.16667 0.41666 0.41666
0.19355 0.48387 0.32258
0.21053 0.52631 0.26316
0.22223 0.55554 0.22223
0.23077 0.57692 0.19231
1.1661e-005 1.9435e-005 0.99997
0.13044 0.2174 0.65216
0.19355 0.32258 0.48387
0.23077 0.38461 0.38461
0.27273 0.45454 0.27273
0.28572 0.47619 0.2381
0.21053 0.26316 0.52631
0.32432 0.4054 0.27027
0.22223 0.22223 0.55554
0.27273 0.27273 0.45454
0.35294 0.35294 0.29412
1.562e-005 1.3017e-005 0.99997
0.14635 0.12196 0.73169
0.23077 0.19231 0.57692
0.28572 0.2381 0.47619
0.32432 0.27027 0.4054
0.35294 0.29412 0.35294
0.375 0.3125 0.3125
1.0137e-005 0.99993 6.0819e-005
1.3017e-005 0.99997 1.562e-005
1.0137e-005 6.0819e-005 0.99993
0.076926 0.46154 0.46154
0.1 0.6 0.3
0.11112 0.66666 0.22223
0.11765 0.70587 0.17648
0.12196 0.73169 0.14635
0.12501 0.74999 0.12501
0.1 0.3 0.6
0.16667 0.5 0.33333
0.19231 0.57692 0.23077
0.11112 0.22223 0.66666
0.16667 0.33333 0.5
0.22222 0.44444 0.33333
0.2381 0.47619 0.28572
0.11765 0.17648 0.70587
0.22222 0.33333 0.44444
0.27027 0.4054 0.32432
1.3017e-005 1.562e-005 0.99997
0.12196 0.14635 0.73169
0.19231 0.23077 0.57692
0.2381 0.28572 0.47619
0.27027 0.32432 0.4054
0.29412 0.35294 0.35294
0.3125 0.375 0.3125
0.12501 0.12501 0.74999
0.3125 0.3125 0.375
