0.2 0.2 0.2 0.2 0.2 2e-006
0.2 0.2 0.2 0.2 2e-006 0.2
0.25 0.25 0.25 0.25 3.5354e-006 3.5354e-006
0.2 0.2 0.2 2e-006 0.2 0.2
0.25 0.25 0.25 3.5354e-006 0.25 3.5354e-006
0.25 0.25 0.25 3.5354e-006 3.5354e-006 0.25
0.33333 0.33333 0.33333 5.7733e-006 5.7733e-006 5.7733e-006
0.2 0.2 2e-006 0.2 0.2 0.2
0.25 0.25 3.5354e-006 0.25 0.25 3.5354e-006
0.25 0.25 3.5354e-006 0.25 3.5354e-006 0.25
0.33333 0.33333 5.7733e-006 0.33333 5.7733e-006 5.7733e-006
0.25 0.25 3.5354e-006 3.5354e-006 0.25 0.25
0.33333 0.33333 5.7733e-006 5.7733e-006 0.33333 5.7733e-006
0.33333 0.33333 5.7733e-006 5.7733e-006 5.7733e-006 0.33333
0.2 2e-006 0.2 0.2 0.2 0.2
0.25 3.5354e-006 0.25 0.25 0.25 3.5354e-006
0.25 3.5354e-006 0.25 0.25 3.5354e-006 0.25
0.33333 5.7733e-006 0.33333 0.33333 5.7733e-006 5.7733e-006
0.25 3.5354e-006 0.25 3.5354e-006 0.25 0.25
0.33333 5.7733e-006 0.33333 5.7733e-006 0.33333 5.7733e-006
0.33333 5.7733e-006 0.33333 5.7733e-006 5.7733e-006 0.33333
0.25 3.5354e-006 3.5354e-006 0.25 0.25 0.25
0.33333 5.7733e-006 5.7733e-006 0.33333 0.33333 5.7733e-006
0.33333 5.7733e-006 5.7733e-006 0.33333 5.7733e-006 0.33333
0.49998 9.9994e-006 9.9994e-006 0.49998 9.9994e-006 9.9994e-006
0.33333 5.7733e-006 5.7733e-006 5.7733e-006 0.33333 0.33333
0.49998 9.9994e-006 9.9994e-006 9.9994e-006 9.9994e-006 0.49998
2e-006 0.2 0.2 0.2 0.2 0.2
3.5354e-006 0.25 0.25 0.25 0.25 3.5354e-006
3.5354e-006 0.25 0.25 0.25 3.5354e-006 0.25
5.7733e-006 0.33333 0.33333 0.33333 5.7733e-006 5.7733e-006
3.5354e-006 0.25 0.25 3.5354e-006 0.25 0.25
5.7733e-006 0.33333 0.33333 5.7733e-006 0.33333 5.7733e-006
5.7733e-006 0.33333 0.33333 5.7733e-006 5.7733e-006 0.33333
9.9994e-006 0.49998 0.49998 9.9994e-006 9.9994e-006 9.9994e-006
3.5354e-006 0.25 3.5354e-006 0.25 0.25 0.25
5.7733e-006 0.33333 5.7733e-006 0.33333 0.33333 5.7733e-006
5.7733e-006 0.33333 5.7733e-006 0.33333 5.7733e-006 0.33333
5.7733e-006 0.33333 5.7733e-006 5.7733e-006 0.33333 0.33333
9.9994e-006 0.49998 9.9994e-006 9.9994e-006 0.49998 9.9994e-006
9.9994e-006 0.49998 9.9994e-006 9.9994e-006 9.9994e-006 0.49998
3.5354e-006 3.5354e-006 0.25 0.25 0.25 0.25
5.7733e-006 5.7733e-006 0.33333 0.33333 0.33333 5.7733e-006
5.7733e-006 5.7733e-006 0.33333 0.33333 5.7733e-006 0.33333
5.7733e-006 5.7733e-006 0.33333 5.7733e-006 0.33333 0.33333
9.9994e-006 9.9994e-006 0.49998 9.9994e-006 0.49998 9.9994e-006
9.9994e-006 9.9994e-006 0.49998 9.9994e-006 9.9994e-006 0.49998
5.7733e-006 5.7733e-006 5.7733e-006 0.33333 0.33333 0.33333
9.9994e-006 9.9994e-006 9.9994e-006 0.49998 0.49998 9.9994e-006
9.9994e-006 9.9994e-006 9.9994e-006 0.49998 9.9994e-006 0.49998
