0.5 0.5 4.9999e-006
0.5 4.9999e-006 0.5
0.99997 2.236e-005 1.118e-005
0.99995 4.1226e-005 1.0307e-005
0.99997 1.118e-005 2.236e-005
0.99997 1.6666e-005 1.2499e-005
0.99995 1.0307e-005 4.1226e-005
0.99997 1.2499e-005 1.6666e-005
4.9999e-006 0.5 0.5
1.4141e-005 0.99997 1.4141e-005
2.236e-005 0.99997 1.118e-005
4.1226e-005 0.99995 1.0307e-005
1.4141e-005 1.4141e-005 0.99997
0.4 0.4 0.2
0.44444 0.44444 0.11111
2.236e-005 1.118e-005 0.99997
0.4 0.2 0.4
0.57142 0.28572 0.14286
0.63157 0.21053 0.1579
4.1226e-005 1.0307e-005 0.99995
0.44444 0.11111 0.44444
0.57142 0.14286 0.28572
0.63157 0.1579 0.21053
1.118e-005 0.99997 2.236e-005
1.118e-005 2.236e-005 0.99997
0.2 0.4 0.4
0.28572 0.57142 0.14286
0.46154 0.30769 0.23077
0.28572 0.14286 0.57142
0.46154 0.23077 0.30769
1.6666e-005 0.99997 1.2499e-005
0.21053 0.63157 0.1579
0.30769 0.46154 0.23077
1.6666e-005 1.2499e-005 0.99997
0.21053 0.1579 0.63157
0.30769 0.23077 0.46154
0.4 0.3 0.3
1.0307e-005 0.99995 4.1226e-005
1.2499e-005 0.99997 1.6666e-005
1.0307e-005 4.1226e-005 0.99995
0.11111 0.44444 0.44444
0.14286 0.57142 0.28572
0.1579 0.63157 0.21053
0.14286 0.28572 0.57142
0.23077 0.46154 0.30769
1.2499e-005 1.6666e-005 0.99997
0.1579 0.21053 0.63157
0.23077 0.30769 0.46154
0.3 0.4 0.3
0.3 0.3 0.4
