0.33333 0.33333 0.33333 3.3333e-006
0.33333 0.33333 3.3333e-006 0.33333
0.49999 0.49999 7.0708e-006 7.0708e-006
0.49999 0.49999 1.118e-005 5.59e-006
0.49999 0.49999 5.59e-006 1.118e-005
0.33333 3.3333e-006 0.33333 0.33333
0.49999 7.0708e-006 0.49999 7.0708e-006
0.49999 1.118e-005 0.49999 5.59e-006
0.49999 7.0708e-006 7.0708e-006 0.49999
0.99994 2.4493e-005 2.4493e-005 1.2246e-005
0.49999 1.118e-005 5.59e-006 0.49999
0.99994 2.4493e-005 1.2246e-005 2.4493e-005
0.99994 2.9998e-005 1.4999e-005 1.4999e-005
0.49999 5.59e-006 0.49999 1.118e-005
0.49999 5.59e-006 1.118e-005 0.49999
0.99994 1.2246e-005 2.4493e-005 2.4493e-005
0.99994 1.4999e-005 2.9998e-005 1.4999e-005
0.99994 1.4999e-005 1.4999e-005 2.9998e-005
3.3333e-006 0.33333 0.33333 0.33333
7.0708e-006 0.49999 0.49999 7.0708e-006
1.118e-005 0.49999 0.49999 5.59e-006
7.0708e-006 0.49999 7.0708e-006 0.49999
2.4493e-005 0.99994 2.4493e-005 1.2246e-005
1.118e-005 0.49999 5.59e-006 0.49999
2.4493e-005 0.99994 1.2246e-005 2.4493e-005
2.9998e-005 0.99994 1.4999e-005 1.4999e-005
7.0708e-006 7.0708e-006 0.49999 0.49999
2.4493e-005 2.4493e-005 0.99994 1.2246e-005
2.4493e-005 2.4493e-005 1.2246e-005 0.99994
0.33333 0.33333 0.16667 0.16667
1.118e-005 5.59e-006 0.49999 0.49999
2.4493e-005 1.2246e-005 0.99994 2.4493e-005
2.4493e-005 1.2246e-005 2.4493e-005 0.99994
0.33333 0.16667 0.33333 0.16667
2.9998e-005 1.4999e-005 1.4999e-005 0.99994
0.33333 0.16667 0.16667 0.33333
5.59e-006 0.49999 0.49999 1.118e-005
5.59e-006 0.49999 1.118e-005 0.49999
1.2246e-005 0.99994 2.4493e-005 2.4493e-005
1.4999e-005 0.99994 2.9998e-005 1.4999e-005
1.4999e-005 0.99994 1.4999e-005 2.9998e-005
5.59e-006 1.118e-005 0.49999 0.49999
1.2246e-005 2.4493e-005 0.99994 2.4493e-005
1.4999e-005 2.9998e-005 0.99994 1.4999e-005
1.2246e-005 2.4493e-005 2.4493e-005 0.99994
0.16667 0.33333 0.33333 0.16667
1.4999e-005 2.9998e-005 1.4999e-005 0.99994
0.16667 0.33333 0.16667 0.33333
1.4999e-005 1.4999e-005 0.99994 2.9998e-005
0.16667 0.16667 0.33333 0.33333
